$ANSIBLE_VAULT;1.1;AES256
63323566323266353965393031316463366165666237363566393430366433646635333664333266
6233636436346566323162393538336465323461653762350a353965386530343332356631343638
63636131346437383632393430333661316561653566663364643361613132333064316330313233
6534343166363137630a626430363032343065646261313630353137396137343335303735613039
65613536616632313464336463306563643132386430373030336539613631346362326237653633
37343261383237386437393131383362373839313461653066373966353165343536633636343130
30633366663262326162373839343165653237393963353765343036336563353961363064656134
63346438346365393963383166356236353539376363663164343833656632393433303762346664
35633539393935363532633338393533393832353437646137626633366663386535643331396662
64326632633466303130313961386363633262653934636130626239383236323835366365636435
36396132636636313864323139633031623636636162343439303761303839616261346533636162
66306332666630656263656665653439333764363333646236376365653935393064383432343931
30323464326162643865366339623562633536653534616661326632343436666662393834616633
31383962313630646236646433326461343236316364656638353831383434386239656338313461
66626365373236323064616539623937616365353536656434613066333431386439303765393863
65626530343033613761303835383634323135626566633730656230633364376532343862373331
34396364646462396565633262643631633938393532653864353562646630366339636466356365
36303230383561663862636138653466323963313838323231376266373761313462646464613136
31633939613434343234333366623161353539636138616366376334626138323132666136303062
65623065376333636333666434366530343061333962616137663935393562373263363030653033
65306438653839366335633934633338633461616563623437613832656164643938373130623264
64313362643164343961353561333362313935623661376565643837323938666265643538383030
39316365303961613065633933616638383937306632623664323239636363383965363966613435
30346561613633643364626566663764626664363737636637363464666162306438376663346438
38343265306438333236313330633130393865626461303361363161373431663738333530333862
62373865383938653335633265356535633639393734366330363863343635626561376538653838
31383639626438386530616563356439303264303434623230643763666166306138656539323536
64643566613561623264376666646632333063326635303164313365666638323431346635623961
30663838666538623465646666333963313663643561333732333934303962376563316430656639
39333535653838383661633064383632306262663236356265336534643863643764633435396466
65363263653339353632316130313565313834306535616266666530613533306130616663316464
32653635333331376530316465643035623936633662633332643436393934373236666337633533
62393965666164383265386337323764303665623538326438643665646536353839653038323465
63376330366432353334633466653361323936613065323737386536366636633136396461343765
37626533616465656431373431346362343437386335653461343236643665396332633763326665
30633762363337376136393265383338656238663562643138396632656130376139316466346533
32343365656238353930626634326436363839393530356139613437363265346262393238323565
66336331373863663832393339393562313465333264336433653663316462656532613664343461
31353937666661613130373134326438336336663138653465303037663930633866393430373864
33646334383366663138333030366534663236323132636638333661613238643530366534366362
30643132366337383763353234393265363134323637613462346161376664386333393339303964
63353433383063356539343036313261356432393335343463366539386431303836323934383036
37646161636635663231366338643539353465336132363334663034623631363535633162663736
32306438343166363261656661373931663762353162303162373961633336633362306661626338
36363464323366333964326330356132633863376139646534663637323338346461643162616137
33636366636666666239323963626430633231353363326436373965656331623062336639303039
64653161303535643539623234356233393535323833646433626362353666326264316666393563
65373661653661626561663561646365323765383834393165373334336334646430343233616637
63333963386539376330386537376162333939646530396134353265303537343165663564393738
64346534323734653833323037353961326637616132383261653635376366633937396266333837
66653436366266393864343163393237323736666666363861636132636361666462653534623161
62326634666130653566363063623933393535356562316232336365626261663835303564363130
34333539333431633662303930343435636664356463363936383364326539313832343236326535
39653133396161613861633735303062366662663465613763383036343035363262643562343961
34666138346532393165633062643734383839353438613663333330326666643030366534653839
37633235316535616464343832643463316635633431343266313265383861663534323761623536
66313232353436666332383832633235626661386139386639393531373165343262323139393534
61336238303136663335613737393364633962396361326564636636643330336462633833656332
36323266313238376566323132366336326635646265656463626130393531363330666537316638
61643565396566333431326137616239623166323835656438343461613739323661353232626532
36343466363037626666373837393466393939373132373230666137636332383533663230636135
33636132333263366364336431636534373139633864313163666662303737613839313864623666
64616437366230313764636636626262633366383236623733616264623538326364373436376563
66333739376631366439316635653365343133643338363039363366353135353836306663623064
31353363366665383434636163663733666130373963623262316565313066343636383730306639
33396366633034616563323937363362343334653863363361383438323331363136396534393937
34303834336236373364333261646338623963646136313533343232396464313661366262323337
61633965623861336438626135306337313634356565383265386338353564383336326663326331
62393136393463333534353962663135653332393539303634666161663463353738343239616635
32643936613465323066633138386434643237623537333664616537333838666336633163393132
34386532306139376434383466393934303532656662653239303161646165613665383966323666
33616137343039386535643566306333656561353063656664333763316639393131663164653938
66356436326438383735346231646336363962666634303332666631656133373935613037343663
36333434373538636439323139333566326532313964353266376333303631633338326264356366
35646561666261393238623962643935376162393638613034316633346638663962303565623664
33343161333965356466616662346434653237366138376537323633343535383137663931366139
35646139366163316165633539363863323532396533653663356537393166316462383332653166
61653237393632373931353333376261633039333535636563366264333338346331666430646462
31393061353337393035313135623633336362336433663434613131366333333737646332373464
38386364386536623166393664646639626337623464333232336530636535323532636438373533
38663766343232363064356163396431343136643238373135623532333139323337396133346530
39623963323136623465373536616464383763323835343239303030363337663764396264306530
61303331666235343663326465626635613735383736386532383135363834333833336330383064
64346264323332303437326263343933643338316639626636333964353032336661366436353435
32316163343166383035363363646166343461336537343065346464663732613239616134323866
64653066613039626364336238336639396434373034646135663032643238366431336265323363
33333037303230343261363539303333643836653539373834333665653162333536613331633735
31656436386535356639386535653765346336653361386436383436333130656430653331373264
64333031353535303564373334306230396261303334303862653461656237333035366335333735
38633434633131623665343236313063663334373965366664316536356338653164646431636361
65643433663537343638323239366433316633333439306633383232373462326363323431383231
35653933363435333566653666313138346566323161376537336361623037336336376566663263
61646665363133623932623461303165306337343763306536663537326163623334336532336435
63633834306362656563643739326163346539386531636132386139356463376531373134313263
35653336313832356238626137613531353063313235343231383532633437373639373233626539
66656635356537613334623935626630326435353230313239306239623837336162613930633539
36616633646561626637343664343865313531303637633831343264633639323161346235313866
34636664336537353465393964613066333730396439313034346435313237646463313835633531
34326363666666353364643433373436636266346564383933633633356434636537633835306266
35613536396138623236646566313361616434333332366338343330306365343431323062613136
30616432643665343733326462663338353138393734333336636265363661646464336563306539
36333731663635616662663462633432353262373164376235633936663237303939656264626165
62353936353830643435653665643036336666303739313964643539633331646662343137623065
31656534313638656665346138366631366466636463326535336263316164333733386263326561
39313762376639666139323036363436313331383531343139313138656338383664396633386565
62373065363764376265336337313138346466386238626532666263663166303330356363356437
38623230643962346533623838663339626138376639393163626131306339383133643339616639
39313633663737363866326265626431373563333861303864643432326631653638326566363632
32383838653063333233633361373435653939376531653736666635386362613735343438663666
38333765393036353361316565363038663839636337383262386663336139613263616138643231
36626165666663643433646634303335656639303262393635313366346366313131323765666233
61366662613434616330383332333230663562386166623262646163303039326664643233313434
31643365386361333830323639336635366363663134653831333566393034366366383866656461
37646466616531633731613038343432613664613664646639613932353036313737383236346233
36643064636138616561626431316362613435643035613462303636346131323565303136646338
39643235616162643532323130303437383431356536666437626666393333363062363538396237
30616662666535376338613766303362303466383833396333313264656664373131353466636334
31386662626639656566366635333839343565373362343466366438353839323164646338366262
62633662626532396566393430613366616239666431616265303239343933356661386163323065
65323162643936623635346238623436366234373365353261363463643336303935353038633638
33323835653637663961636132313463333966343862613266303532333030366663613438646134
30633236326233666536383530393431316536663436626462363666366261623130653261303366
62386132383566306561663463396131626266393363343664316366653765613030313330333934
34333831366662353566373738313836373333613961366635396637666365323737313038383634
32373766353362303638333734363534643134623436393335313864353866316139663739336236
32383937633865323136663832383337663439663733303161613031383936623664396264373430
38373034613736383964633037656131646236623830326664393936393964396237623961623362
32313563393439396266343566663933326139653036363332393132643663366666336564393438
39623336326134396532313139666139636530663063383330363666373434373566633166656665
34643162326563366561663761353565353530616136663161653339396331316635303362303561
39666634313338303265336137353766343361383033663762313563336434626661393166636333
62653637633538333832356363343230613231336538666135303435323265663964366330333963
61313338326266386261313238613732343563313935653034626565636436633033343362363438
65653132366465643939363562386564316537333061373564393632656266313836613834646430
65333632616335656636366231303861383530343132643032653739643430633562336134363534
36616465323036616563646338303932363836633365366562333735303337633564643466343365
39306435663431393330616264663866326365343634616131613435313131383132363065326635
38656166316465633965396363626661643433333434306430313665343932656661336463313637
66363835343962646233366665656332653363353839356263623666393338636433633038613765
37643565356634616161386230656631396435376334313632343461663064646633633963653131
32373461353436653666663439386535326337323963386663646338613961323236326662316532
64663233353134663235636337653432333762353663373666306561613066646137313032613866
61653566313239663665633532613239346438333530383232306561666565353039633236363330
38613335373437646633666338663031646163643032383530373930316332303439666465366266
64353634643030613039383835393665663666613538376632363633656334356432323733346466
32653139356434386234663533353431663035353163386532636333396233656464336435623563
34356234313230633437616332613139663462626663313763396663393632373365343233636264
30636564376332343233323062313066346230626231643931353833663566373962653636323138
37346337363863666161616237363831316231386435376533306631663931303064656633303933
64353562346634353365626537313661346435616363313035636361643164386565623633613132
36306662633866383635363761373362653463663464333635666561356136313031396635646535
35363263633263313830353731663161643662633066353263333561343032636566366438663361
38636230623835626663383735323239333638393730343766376135656435633532373135376432
63383238613631373466303765393934313831393162346534333932363430616332613939316434
63643031313431363437383230656135323062373462373439366264323462623665626665393064
35356434633863326139343464643937366334306665396663373661626533663734353932396336
33346231383465663062616234343231653039613936313734613261336165623236306533326362
34356462363365383865393664383734376331376436356461653337316233366138613437623763
66386233363136333663363631326335326537316565303364313439666234316336356465396535
32326534646134333663646431373731366133386330303935643066353332643035316232336361
62306561313932343532336164646134646165646561646365383331356266386336366233376462
39633961373732303466343730396633346562303833666633373538346332366535626232396164
30383339356232306234373561336432383231643431626461363138323530613139343466353335
36613134653437393935363638383230306166663538636464663465653762323435363061363536
34323066333334653232653563323165316461646638353738316433623830333137383733386564
64313237616438313865646130616531623834366563316631633664353630373134356338336233
37653366663830353731623437336137613163663562316535663362656236343530656161663134
31656266303839656363316466343239383464366638393034613863616133363138316637663363
30396333656437623030383032313262316539643634316665636138633264326634303432363639
37656164643834646165346636393039373238623932633266333262623530363865643835376463
61383462363762373663316663306339656265343436656664663861633966613864663565356664
36323464643730336664323534653132396432323537383866666437623765333065316137383937
38313038383066336136653832643232393837353736623437346161623835313631653136373234
36393731643238643166363533663961336266656262326537336632643337636632633765386134
63653738373030643963363363616161306636663433396433333330316163323265666334323438
35303431653239643466303430333561643663613865663030666638353866646265653438643438
33366436376533633231396662316363343262346333363863396562323932303236386666666336
35363231393930643136306366333033643563636135333936313038653934616666326661383163
31633935326365656663636433316432633637306564613361306137303565323238333631343064
62323764656264373032363566663339653837626533656330306161333065623738313264616565
64643961646431633663343939303730326531386239623431336334643033333861326630353333
32393466646661663536326263353065323636393563343538326166396432623362356636336339
32373132303338373732633438643664353832636265393137643962613638663864303766666235
33643965353566366535663064633231643135386433616365303832313531343139306130313664
30656661353337373363333761623065343030663938363838636362303539313331643561373639
65346163333233383862313433313032383162393161636132326536656635326562386562376630
65333834386638306661353633663362303431306439643932323762636634626334333165356136
36393861366264626638653935373036643939666532323066616636653933323733633165363832
30376464353231376166353364373465366161613061363966343063383138363031313639333566
34346230313832313065363938653830303238316233303265623561373936653662393138396238
64646631343831396361623638323334663839333632383136313632353132633866626163376337
32303035643435303761653430313261643965613435646364643232656561626130393036663964
64306136643763323933396534333535313537333237363733636238353039383636343665313131
36393465343737313166663564343634326233303430666166333866306430313937336532613233
31383765643162313061323034303966373033366562636337626637656264636265663536333533
38613038313265626637643034636635633839626334613332663365373862396665613637613537
33633061613661366135326632316266653265333730303835663333643534653339383337653464
33306563303133623533623731656262613236656362646662613736353330663534336466376536
62643931633434656361633737303162616130666132356563396561343666363530616662633932
38623866323862656437376561313334613030353737616438363737303132353437636139386236
33653230323064633939633561363563633261333962333830623230643034366636303636623435
64636561663834386262353366656532653365636430386662323034386134336632663533623863
30616431366565373338303934343666353663343261346164366333666239396532383536313033
38623631353038313065326166613866323939653437346239303337303066363961646631336631
65666233363364666164643364626537363333623630666161346439303362303734333734343537
33656437643035666432356337343162656631316330333233303936363437353762363634366365
36646439376263353630656136623963383734316638333832346432663866396562653462303436
35636363633335613331393464316161316566393565323236383836316465623837316163636439
32326564383736376336343733633465366539636364316164343839613030393363626334643139
65326361633239363933613736316162366437653035633063666165656434663361393837643432
66346361633961316566646131316130376166616436376331396339643035613531643933383065
31646662323935653739306537326232323765653734663139666533353733373062316234343532
64356466636332623434653963653638366262343634666635326237323839363730343031376166
61663230333834346336323433626662626436633864363230333931323862333934643731323464
31363564303765313938326132643131393232373464633337343966393437383830373431386563
30396338366135336664653138303466643361323938616230303234613738376632633032323634
33343531646635316337616639616632643231373765326135373030336139636365396435386239
61663838326364363566376132383331656632663235326133323664356662633635616663663332
30353363613130346536306265643666313962376532333066393965343161643139393433633539
63393865303535613839353761396438366534333632613935353932313961633764373263623866
36623764393936616139363336353264626232613733653238376431323636643435323930316435
66316266353436663435396134376234613737646338326132646261356462316661643238343462
38363462363132616635623336323763313735383436626330626663343262323765383262623063
30313137383035383765313932396333343938613935376565366465613931616361363136376237
63346266373263666232643933383030363534616133326630333031323336643137616435643131
38303138656134323663396236376661663534656435333361386530646364323961663130373532
35353633313731353539636463386561313364373130333839396438393333386562366661396335
38643062663434663462646539393733643433396365363362636433643436346239346233396434
65313364313331643636613234333933633031356430333261653438636237663839336438396432
65313833383663326365313264383838323161306538653735643231316335366534396663643065
31386137626361373336623962366239376363376463656338323530313536303534353839363538
39343165646435336634663539646163343331636463623966376131353430336263376132346332
33633633373534653463663232366336666466363665663139383265396632663036366531303338
38363562613436363533393138393161363039323536646235363737326335396666323338663833
30396137633939646337613636303733326534656361656265376134613961333461393935633462
31343731326235666166353165626662613963316235303537316235326663333661386539643630
30666535666639356331323536313664386337313431323433323036383035616463626663623131
30656563353136623035663935626161303731636336363262376530633666643734656332656232
62666666356137343836623834623863616331656432653333653062353766613334323630653066
65393235663466633233343637343366333361326264653065643137346332633232666132313461
66323764656262303739396535636161333236663461633564356239626539333161336434363865
38356361383339353263363962386161663137623430313135656230323535626434383938616536
38613761313865383465313565636530633636613034646639666462303063663362613031393566
32343265616462646266356437373930326630323065626164333636376535313765306334376337
38666665623763396161333633353832373135333132353638636132346265653230316333323165
61623039663036636361323335363436383266643033623630383134323561656331333061323836
31613837363134316634623165363161393565656563343731613661616635363839313939323637
31623964373064353830663464356537363433663539653134383137626136666530346536393265
31386162366234623863643934326534333733656330646137383931336638346132336330383632
39636632643539623130616361346139663038356163363964303761626361666438366237333336
33313737656335643334386136646632643162616137353537326362316666613961623764666233
34643537326166323338333738313064346662653134663137303965663739363232653930356361
37306138616666316332663234353631323536383466666633316233646361636536623861353334
30313138336431656464626433383033366538306538373061323033333339663532383366636633
63653836346238656162316439656639343536353139666137363731323332633462363665323763
38383132613961303036363563633735333566353837666539626532303730333963656138336238
62363861656232333562336662393930386361633634613935333537626264663733373132383939
34643333616639653233336238383534336637636361653765316365646331343762663732626162
64636630616533346432383732353639666632336166623539313262383366356662383335313865
39333034323331376635363530396636303733383065336439393764313163316262623961643830
61656661373261333632616338323239353038633039336563343734633038633932623061383335
33336237633339336533376632646234306261363638353863663438316664666563353565313838
32336334393130633464643965343937373031626530613534616334396266323965393637383834
36663162336330353261383436613334393038613534323836633836316263313065616433643663
65393135643036353932366434316134326566613536313064663531333038303336386234626538
62316439313761646664343962613538613038633635383439323166643438303863386638306434
38616537303831313966363334373639663835313762383832653962653939393936373537353662
66343130386265393636613134333736326666393533643539346137363139613336316165303062
61653737623835386633383332336239656433656336316332363430393633633664346437613431
65366330623765626436386262646335313232643632303661656636616361383363333063643337
35666265353161616435393161333436383732643739626437316539653735653938356430333864
38646334343632643439656162343662323731393733303532336462396166663237613361383261
31613832623233366133386265613164373663386532363366373262623266383833616562643232
38373831386437323230343736653765366164316166373166356130633466636339636266323533
63633164353236326338666663313166656134343431666563633230363366653639363136613331
63336265653432653437336262353666393938373732653433656333386462323630373532643365
62313538633631336462333663393666633034346433313231386564626130343636623835326361
64376339363861396234613339666339323135376534333061613963343634346366363164316535
33346563303631613064333331626630366362613963646238346532383134373038363531366561
38383136636130646135343738323661333237356430373465646638633533643738343238356462
64656138386339653333346332623530383564323533313665353236393963346530663737306338
35623838393463393765646338643939363562346430303538346131356630356166386566646435
39336265386366633662643362393932346234366338356131633863666464633465373034373063
63366566643266383436386434313133313831636231373465383662356136643565663538386364
61643438326165386131363662626530633038623730333031393936393334656164383962663365
36653035363032636438386533313862323162646465646461663566633434363866653761313036
63626231346163656134343365663736326461306164663062353565326566306565636534326264
63383037636533346333356130656539303064623537643163653461333232363766353131363261
36353161653361623064303932393938326635303135313139313135396532373539336464366661
62333062616563616536663466303236656630316461396262343932346436383132373532393130
66356331363534656662383266376563376463613563633036663465396236663330626366333362
31336464393632666433306134303831303139396363653061663463636633666137306461636632
61353134363330393233616530666464323865323834323333396538396535336333333936316535
34333237636265353938633362663135643162323533663130663733376238656566613038656364
64306334656138373763623264373939633365353336316663306264353330636465623531326634
64343230663132656130633430633932356635626532396433343533353339626366613666306462
62303339663231643531386531643961633333653736373633636164316334653736643361333435
36383763636239636232333566366439666536633864396537333764636133336539643232653463
33663137653833333764306333613164303765316531626566306463313766336130333764633661
32643434323466623732656131393335343961636636333064666630616566326162323362656231
65643938393762313461613864633238383162613638323465626638393034363933646336303833
34316439303164633331613736623632666163366232393439666464363431656536626461323562
37323835333237356337313939613338396232326133613239353733323333386234313462633038
64326331646639623532303734393030646539663361636336396438356162393339626361316264
33313130316534323661623263363433656262653331303162343930363966353337306261643466
39333239623939366432643936386133313036313138623333383030316437653063646365353866
33373461386534313264613633616539313566393736623262353731663863383631653933663865
63356563353764336661306334383137623834656637393161386434306666623931623766316439
36326337346562346637373535666365623539633032353736383332323035643935373134366462
63363664633763313834393738306634643537353962373137353232653166396432626335656263
31396330663962373165666538303161393365356536376437343662386633633536343439623433
38626163616163333966343434366633343963623166386661383661613330336537396530323864
66306434363935653130623037343030376235353632643965636536326166316633326364386366
39396232333832323964306263306630643630326163363939333865323462303734303839393836
37643666393635656664336132383735363861316235383164323064363361333336363337326562
66393138306366366263643430313937326535646162313330303362626162326231396365343566
63363664623635376436633938333062396563336339623837616666656165396164376263643637
65353934376461303462663236343535376461383830653331353237643930623639663833396163
33363866313936646434303838626435656438623665306539663432373334326364336264326234
30363132643836613839623738343833616238633334633331646464666635313034636462616431
32363131303264373266396465333961666566323664306437663763393762373633313236363464
65396565626231363130363334393437326636643364633130393161346566326561333966373035
38313931343130303566323262333464303839373762383439643561323562643336613638363365
39663361383232363166373438393764656265393734376362363237353566306462356263326463
64666538663763666162303834633263633732666639663331306432653532623863323663663239
65373463633131623634653834393932643831356136303835346635656463303131313537623933
63663762376535616330616465356566396335303061643063656265396635373232613635663661
36663239363166623332376436386664616134643439653837333730373032663361653639353134
39356134323938666563646666353763376164366132623135343635323432356231336162623532
34346435366430353938363734656135316532633738646334656466363534373334326664643535
35316632643431393564666632366166336233383762623762613264333337366139653863336661
39336663333833393039323835613633313338323134396462656265313433343330343738633961
65386265633336356238663334333431616362653561353535666232303135646630393064653662
38663538376665343033396363623363616534333962366439633162386530346462323363643035
66363732666634363963303837656534643437613734653961363632663863346634353061396134
30326362663966376137343565643132383762643631633536313139663463613462393864393334
64666664376361306430326433373461646336663330623135306165373064386538353666393661
36396361313337313631313536623931373233383837613735646664643632303730383163306138
65353332333033396433623365333161653034353532383664613065666438323239663132626166
30396539316631663861383831316164333431326134613732643266343736313562353931323835
63333738613637353433643631363539373264396564313233316232373535656661663165653335
37363538623163373762663666346230646636313230393161646339383566303662313366643733
66643364386530663661356233623635316339386561333333613933613062303138353462663133
35356461383034396266306139373932373335393465333835316134363031633834633539666633
32343434356335313132346539653861613135623235306138396238336131303433393436656630
61343233613133333765646434323237326136373365653432616534333130346262616134333865
35663264653430653238366435623430643937313065306638616531643930366337643064613831
66323132343162373866646464653864373662666239326262656132333661653731613464666331
62623435396631373230346435353035326137363564616432373063633361383562643234363961
61333566373633343334623263343438636134363763356433633365363537396238343136636339
33643161656639376539393663646366613334623365336235333661383032663436653932376464
32666535346430613538656435643066623036326633616361663061613131306361623434306239
38383033646138613363623238366539393464346133336436393835663462626230326335663236
66346631626565316466396339376338636537393339316162353561313634623665393066393565
63393530613763656336323062626262306366646165333031313639313635656234653638643639
61333533626464306565306138653363613339306538646665636664656530353830663931393534
32333037356466663066383261613135376561346538336332316561613036346661303530363163
64663935333639353337616563363365663735643566646131666137633032636166323430386337
31333065613232313137393563633031623034616664333066613961643764333365373765613135
62356435323361666263383634353062313233383264356566633265323539303732313132313331
37373330376130366437393637373533343866303664383030626461646432336438613563616630
36646630393132393137353364356136316530623433643665656435306331636139366333396366
30643433383533333963613930383231303937623762656536316663616132626261356539383133
30633330383238303735666262396632623337646136363836313264643761363335653132346365
65303165303836633930306230336561363765363066636136626334373530636634626632316239
35613265336138383138366537333564616634663865356431363934393963373731636636386461
62353061396535316662306464616664656438386230326365633866346666626266663139373166
61343533356638306466323464343332323237393563306365653632663863316638346435626438
39323239303461663631386263343831623862623431356534663036633361393465393061666262
64616136336264366138353138663030326634636565643266666430333638373264303132383863
61396538623032383132313164626335633065313037393034336137373066396434623639653761
37656631343533326231366665363063633131333436353162633838343666383735653836663537
62313663643464613231306563343763656233633130373339653535313561663734333137343734
64613662323639313330396134623339356232323664313538383930643466326533313939643837
62313839356539303262323532656164653438613138616335313935396332396263646636383137
30646531306136643230316466656435363434366364623534396466343938366366376361323166
66396137663361376339363630623865373236313966323230366437613937383865353930313333
62363265633730326335346663636436323234383138323836383039376666353736386366623262
30356161383535376264656166366534323432303136386665353038653230653137386664333835
39636439343234376337646266646166356439643733653763346566396234386161613062363665
65396139613361343665653866333537336662313137616133363065373139663564376438636563
39383430373264363631323630373632303465633735613136326662326363323032376532653632
63313037613634633831376334646562636637616564396536326164343637313466623733333363
65303062633234393265393730653030633264356533656161643530653763633063653864396463
38333035316262396639346530323736613233333761653261396130393233343335643534656162
34316539356237616634643466623533666363393436366137666561363533393533613339653935
63376566383363646533616434313435616161613061656334346263356337643339393763623932
31363661343864616538616566616262313831363562636539633364626463343164623037633762
36653363376133643837316232626163346233363638633039386535393265636439653661376339
65623562363364636434363230326562396464623161376535336231356661336239353631373831
63313434393264343335623130633736306363653536323963396133383836353362323335323461
35343232626130366265363030646561383435653262656639333834303238633664346362363866
61643233306566653631303832653632396434386530663561383133386233346632633762373834
31326138373336366636643233363863666335623535336130326633663961343738653838356436
36323132333537643561616632393762316632333635333965653735613238626264336239343730
38303032396161313233343866303966343862326135646538303065373630376232613938343963
62613530373031316165373233353931663831653963613132663637393466366465336638386139
31366237343836386133323262323136346366663061336638356331313037663435613832393564
33373333356431373362333632316334386661386335383634363465303839626166306436643837
38323863333836633464323035393438343336396235383261383934326536373731616164383531
62333061303037326165383935303431373563373133643437623830613337643333633439643961
32353538353161366232356533303638363333663032326533303334336665626261636438363435
32656132343630343666373937326266333235343964326439366637373133326330653432623536
64623635666234306437663335666133616165636633633465353735303835373964373930376637
31623433353965303662313136653432653763663439303931643662653039346563633166326135
31353031663664363538393365656262336235303964636263373939633133313433643030666237
62323762656633616462313639623932646335643436363833663464653037633839653937666339
34613331366331306366336437343861626130313066373639666263636535653765646435613536
39343264313730376131313138366233303332376563373239353632366163366666373362373639
63346138346137633065303235373363623738383738313231393963326237353638393738313662
39313334383034313837323564366366373437363737613966393463366132396163303363633636
39363064346630636634616566383335383633646664333334633365626363363733653665653132
38363935636165363731323439623564663933313335616134633435363438623133633666346435
35633137376438643364326233363030343534356365356632316235336464346239666566306461
64646632396537306262383236643361356265356365343861653930303037333763373634323936
36646165613863346164646665663036656330373865393966363437646430613931623366623736
61383539663337653136646163633162303032646165653139393532636165326162643935616234
65623732303462626230626263316164366137323836303731656133653430343666326164343631
61646233333336393061386661626436386666373432303963666433646562613331646166303333
34663265313536353263323734343432633366366663333230633236373036383861643964303434
31333732343965613765333231666538326131653834323632366336646335383335393234656166
64333334663230373264383131343538333163663864653038613835323838633733323162333166
30343437306633316138326330336632633634373439323363333231626530383235643466356236
34303166313032313236393231323233333131306630653962393031383438306263366331343238
32623333343032623661313736363538616337623636653239303438646234633161646633613361
32636161626331333030323938356638633766363936656462326261383238306661333965376238
38663236353937366634333937663335333833333234323833356163333766343334613232616333
36663339393936303338666534643963356265376635616438633933366230396532333965363030
63323036326139386234303836353532653638623238616433633830663264396464343937343963
35653261616461353530376538366530383838306663616338623937316233343732386338613935
35356530353161643432323764326663343066336137376464666535393031323262313537616236
33353330623631633339323732346162373865363865353265373433383937346434396434313362
36313239366437633535656434393635386532313166353538303266663663643431336661366632
38333761343434313634373530663436333932616262306434326232306339356630643536623339
61376464336435633939373434303064303037326236623835633636326433376161323437616435
64313564323965356539366230643936623531326130303066636562663738346438633234663135
61396132343136393866663539386662656262353465333239336539303533656230323263333939
30656664626235653637373166303664326633396432653834323736346638643762333933353536
39633235333064636539323536626461303332656536343333326564306539343238666665393037
32346462656261363233386533303366626539303132353032363830323436383831353339633139
38383734356166623939316566316233656434363635616133393338333463626535666333343333
30396139366366323962666337386561313037626263356661326536393434303534633561316532
62623864623531636239353461396539616230333537323638353133376464333666343639366266
30636165393162643430343038316433363162383436386366356262346236306634643435353737
63396161376235303866663033313030303030323861386337613965383438343166646436336532
61363462313932656566383962376239653434356263623364653337346535313331643462336231
63646130653239363561643136396665343839626263346536613338353266373536336134646163
31653332356561363161626236306461663435303938663463333066383135323933653966343434
33383537373430633638616132353966376266306637666363396362653262386631613237363763
36326635626237666433376662633362373665383533393731616664396136323463373262613931
35313035653038396335323837613035663139363830373238376637373365373338366237316261
39633739306639306235656135623233323131646562643731346530666236616665313761336235
35616565316538373162316333663064386265313130633632373233613665366332643931623934
65633934373035376262303261663163656636333430323662643536663861363962316231616637
34663864323065613530643833326335383061643163653435633366363836656432343336653837
30613038343763353462343866396461306666653263323437663161333131656634303362356136
37306438386430316135616337353939393835366434383232366363363830366132656365346136
64366566643932393831636262356562393137653132636430663635613439323163666263303330
62613565656236326135653438653236636633396266336632313366623665623339383138383564
66373137386462636330626137303263643335376335326464363738643935663863346461386434
62623835656639333961383138303637373962626136643035386339653136303238663233623832
31313339373363653830323437396333613362653035646339396232613937333764333465396664
34383832623839656663323933613239323161373837356338393862353834303136383062613063
64383937613835333932643033393565613838363931643733393264646330646662633637646232
39666365633662663134393465633462386336303931636332356532326537623636383933653434
30653336356564613036616163646438623939623836313235633966343063353462356261323861
36356365346463636461356632323061383733646139363137663738643234656564653266613462
32383034303237653837623465663362316432643536346162383665363034383538656632393933
34303365336563626435303237343031313062323064613737663535356364633765663939643263
64613062326635356562383233343930366362383963323637346262316535333430613637653839
30313366333731303563313039613230656532386231333666336563656630353930393134643332
34353962656132303438633038396531623662663932306331373162353463623332376630653866
36323638363337626366373930373065613637373464393033653666323261336130643033353035
39646235396464666636333936356230333937353565663465303066656535636561666637663332
31653064633164613366353762323238346361353831383034653530376132613139363935343939
39353833373734356662383864636362396431356536653861393235343963376232353637666663
30313764333236353538333161633839613964316338393636376364623232353434656663663137
37363237363361383935376133383933313363383635613834313732346464653362303765616539
37373230613539623431383864383564376233623930363732303332633161636536623362376130
34666438343234336239656563336139326262663064623430643361356664623762323337396165
34336665396432343162316634373332616563313133633664343630643366306264343036323335
66323535616230323934613537363465393862613836646661333865353864663736386530343135
34663961386639346639346662386162353533366563306433623932343534653030323634643265
39666332333434666563353035626135383466636561383736366231313730306238646630626536
33383338313661313338336166366330616237333830663163323337323963343865343364633036
65663664323030383531633663626563343239313065323765623564623264633039333631346231
32636165336339636131383765643734623830353865626534323961366634363331396434623832
62633664303766386461623030633339333832653037643038343664386533643766343262313730
32363464653031356461316665336361376637383363646365313530623830326562386136613033
64643734376136323139653335643562383030366533336130336534353636373462356231346163
32666438336331323962623733323664373838636565313666613264383664616662336666336662
32646438306230306362373133613738656363323735376539353136636164656262376531383563
33323935346139643034386639663437623534316530353065306235356165373935386263383865
32333734396363353236626464393836396432353938383561616263373966663334383661376233
31316164393766616538363262616635313635366162353064396364333430633332333838646362
30383732616230353433323933646439663635313033623065373136313665383734616161313930
38316530323136396465626339303830623635646230663435656363663431333530616361373138
39356637343863373862666136396130396665306439313830646631616262313930313065366231
35303633636139656631616563373335616330323535313865383561356133376366366337653135
31366363663532343430386238653336633132623831356436356663623961616362663462626434
38623139373533643663363266353562646137616666636431356636366338646136313761663065
6432663538656437306331316363653034343562336163353631
